5.000000000000000000e+01
4.450000000000000000e+02
1.144000000000000000e+03
6.290000000000000000e+02
3.380000000000000000e+02
1.850000000000000000e+03
3.900000000000000000e+01
8.210000000000000000e+02
6.370000000000000000e+02
9.460000000000000000e+02
2.710000000000000000e+02
8.910000000000000000e+02
1.800000000000000000e+01
6.890000000000000000e+02
1.722000000000000000e+03
9.380000000000000000e+02
1.277000000000000000e+03
1.696000000000000000e+03
1.332000000000000000e+03
1.192000000000000000e+03
1.081000000000000000e+03
4.350000000000000000e+02
4.410000000000000000e+02
1.780000000000000000e+02
8.370000000000000000e+02
1.002000000000000000e+03
7.620000000000000000e+02
1.498000000000000000e+03
6.300000000000000000e+01
1.530000000000000000e+02
2.680000000000000000e+02
1.806000000000000000e+03
2.100000000000000000e+01
6.170000000000000000e+02
1.550000000000000000e+03
7.800000000000000000e+01
7.350000000000000000e+02
4.860000000000000000e+02
7.500000000000000000e+01
1.614000000000000000e+03
1.707000000000000000e+03
2.370000000000000000e+02
1.325000000000000000e+03
1.100000000000000000e+03
1.512000000000000000e+03
4.300000000000000000e+01
8.580000000000000000e+02
1.403000000000000000e+03
4.460000000000000000e+02
1.506000000000000000e+03
1.001000000000000000e+03
7.210000000000000000e+02
1.480000000000000000e+02
1.867000000000000000e+03
4.370000000000000000e+02
1.347000000000000000e+03
1.680000000000000000e+03
1.369000000000000000e+03
9.500000000000000000e+01
2.140000000000000000e+02
1.118000000000000000e+03
1.121000000000000000e+03
8.470000000000000000e+02
3.730000000000000000e+02
5.500000000000000000e+01
1.800000000000000000e+03
1.213000000000000000e+03
1.402000000000000000e+03
1.401000000000000000e+03
2.080000000000000000e+02
1.502000000000000000e+03
1.058000000000000000e+03
7.410000000000000000e+02
1.900000000000000000e+01
1.332000000000000000e+03
1.750000000000000000e+02
3.630000000000000000e+02
8.150000000000000000e+02
1.045000000000000000e+03
5.480000000000000000e+02
1.818000000000000000e+03
1.598000000000000000e+03
1.100000000000000000e+01
2.900000000000000000e+02
1.318000000000000000e+03
1.273000000000000000e+03
3.380000000000000000e+02
1.070000000000000000e+02
1.110000000000000000e+02
1.860000000000000000e+02
9.740000000000000000e+02
2.230000000000000000e+02
1.300000000000000000e+01
1.274000000000000000e+03
1.780000000000000000e+02
1.093000000000000000e+03
1.600000000000000000e+02
1.674000000000000000e+03
9.590000000000000000e+02
9.710000000000000000e+02
1.241000000000000000e+03
1.205000000000000000e+03
1.086000000000000000e+03
1.458000000000000000e+03
1.060000000000000000e+02
2.330000000000000000e+02
8.200000000000000000e+01
1.005000000000000000e+03
9.920000000000000000e+02
1.880000000000000000e+02
3.360000000000000000e+02
2.750000000000000000e+02
4.470000000000000000e+02
1.559000000000000000e+03
1.699000000000000000e+03
1.049000000000000000e+03
1.351000000000000000e+03
3.900000000000000000e+02
1.092000000000000000e+03
1.769000000000000000e+03
8.440000000000000000e+02
5.390000000000000000e+02
6.110000000000000000e+02
2.170000000000000000e+02
6.730000000000000000e+02
7.190000000000000000e+02
5.890000000000000000e+02
1.197000000000000000e+03
1.410000000000000000e+03
5.960000000000000000e+02
7.120000000000000000e+02
1.658000000000000000e+03
1.545000000000000000e+03
1.695000000000000000e+03
9.070000000000000000e+02
7.880000000000000000e+02
3.770000000000000000e+02
1.007000000000000000e+03
1.390000000000000000e+02
7.030000000000000000e+02
5.400000000000000000e+01
1.824000000000000000e+03
6.450000000000000000e+02
1.043000000000000000e+03
8.090000000000000000e+02
1.503000000000000000e+03
1.297000000000000000e+03
1.730000000000000000e+03
5.930000000000000000e+02
1.286000000000000000e+03
