1.366000000000000000e+03
2.250000000000000000e+02
3.490000000000000000e+02
1.877000000000000000e+03
5.200000000000000000e+01
9.780000000000000000e+02
3.970000000000000000e+02
9.000000000000000000e+02
6.030000000000000000e+02
9.500000000000000000e+02
8.000000000000000000e+01
8.870000000000000000e+02
1.660000000000000000e+02
1.569000000000000000e+03
1.950000000000000000e+02
7.050000000000000000e+02
4.620000000000000000e+02
5.470000000000000000e+02
1.813000000000000000e+03
2.370000000000000000e+02
1.447000000000000000e+03
1.017000000000000000e+03
1.612000000000000000e+03
7.670000000000000000e+02
1.890000000000000000e+02
1.032000000000000000e+03
3.000000000000000000e+01
1.832000000000000000e+03
6.980000000000000000e+02
6.570000000000000000e+02
3.200000000000000000e+01
4.900000000000000000e+01
7.300000000000000000e+02
1.072000000000000000e+03
6.750000000000000000e+02
4.520000000000000000e+02
5.900000000000000000e+01
2.820000000000000000e+02
1.314000000000000000e+03
7.220000000000000000e+02
1.494000000000000000e+03
2.190000000000000000e+02
8.810000000000000000e+02
1.108000000000000000e+03
1.070000000000000000e+03
3.380000000000000000e+02
7.650000000000000000e+02
5.900000000000000000e+01
6.610000000000000000e+02
7.900000000000000000e+01
1.576000000000000000e+03
4.500000000000000000e+01
7.730000000000000000e+02
7.700000000000000000e+02
7.500000000000000000e+02
8.550000000000000000e+02
1.876000000000000000e+03
1.490000000000000000e+02
4.500000000000000000e+01
1.039000000000000000e+03
6.600000000000000000e+01
4.810000000000000000e+02
1.179000000000000000e+03
1.067000000000000000e+03
1.881000000000000000e+03
1.881000000000000000e+03
1.020000000000000000e+02
2.250000000000000000e+02
1.277000000000000000e+03
1.498000000000000000e+03
1.210000000000000000e+03
1.137000000000000000e+03
8.040000000000000000e+02
8.870000000000000000e+02
5.810000000000000000e+02
1.047000000000000000e+03
8.950000000000000000e+02
2.930000000000000000e+02
1.010000000000000000e+03
1.122000000000000000e+03
7.040000000000000000e+02
8.370000000000000000e+02
9.500000000000000000e+02
1.017000000000000000e+03
6.090000000000000000e+02
1.089000000000000000e+03
1.188000000000000000e+03
9.010000000000000000e+02
1.340000000000000000e+02
3.590000000000000000e+02
3.090000000000000000e+02
3.300000000000000000e+01
1.430000000000000000e+03
7.430000000000000000e+02
3.940000000000000000e+02
5.870000000000000000e+02
9.870000000000000000e+02
5.100000000000000000e+01
1.755000000000000000e+03
5.310000000000000000e+02
2.520000000000000000e+02
1.718000000000000000e+03
1.599000000000000000e+03
2.850000000000000000e+02
1.848000000000000000e+03
1.010000000000000000e+02
1.121000000000000000e+03
1.661000000000000000e+03
2.000000000000000000e+02
1.312000000000000000e+03
9.430000000000000000e+02
2.000000000000000000e+01
1.471000000000000000e+03
1.641000000000000000e+03
1.835000000000000000e+03
1.327000000000000000e+03
6.110000000000000000e+02
1.576000000000000000e+03
8.380000000000000000e+02
1.291000000000000000e+03
1.212000000000000000e+03
6.670000000000000000e+02
1.670000000000000000e+02
7.190000000000000000e+02
1.854000000000000000e+03
6.710000000000000000e+02
6.010000000000000000e+02
9.660000000000000000e+02
2.350000000000000000e+02
1.089000000000000000e+03
