6.330000000000000000e+02
1.381000000000000000e+03
9.580000000000000000e+02
8.370000000000000000e+02
9.320000000000000000e+02
4.700000000000000000e+01
1.531000000000000000e+03
8.340000000000000000e+02
9.370000000000000000e+02
1.650000000000000000e+02
1.877000000000000000e+03
2.620000000000000000e+02
1.359000000000000000e+03
1.880000000000000000e+02
5.650000000000000000e+02
9.960000000000000000e+02
3.390000000000000000e+02
7.300000000000000000e+01
1.696000000000000000e+03
2.340000000000000000e+02
6.430000000000000000e+02
1.112000000000000000e+03
2.600000000000000000e+01
1.980000000000000000e+02
4.520000000000000000e+02
1.276000000000000000e+03
6.510000000000000000e+02
8.600000000000000000e+02
1.851000000000000000e+03
6.310000000000000000e+02
1.418000000000000000e+03
9.170000000000000000e+02
4.430000000000000000e+02
4.000000000000000000e+01
2.830000000000000000e+02
9.800000000000000000e+01
1.563000000000000000e+03
1.517000000000000000e+03
1.628000000000000000e+03
1.019000000000000000e+03
1.191000000000000000e+03
1.093000000000000000e+03
2.130000000000000000e+02
3.500000000000000000e+01
1.462000000000000000e+03
1.374000000000000000e+03
1.170000000000000000e+03
1.347000000000000000e+03
1.104000000000000000e+03
3.890000000000000000e+02
1.300000000000000000e+01
1.693000000000000000e+03
1.366000000000000000e+03
1.800000000000000000e+02
9.350000000000000000e+02
1.527000000000000000e+03
2.140000000000000000e+02
8.800000000000000000e+01
1.312000000000000000e+03
4.410000000000000000e+02
1.092000000000000000e+03
9.780000000000000000e+02
3.980000000000000000e+02
1.270000000000000000e+03
8.580000000000000000e+02
1.468000000000000000e+03
7.490000000000000000e+02
6.880000000000000000e+02
7.800000000000000000e+01
3.280000000000000000e+02
4.660000000000000000e+02
7.310000000000000000e+02
1.110000000000000000e+02
1.234000000000000000e+03
1.920000000000000000e+02
1.573000000000000000e+03
2.120000000000000000e+02
1.705000000000000000e+03
2.030000000000000000e+02
1.896000000000000000e+03
8.900000000000000000e+02
4.000000000000000000e+02
1.782000000000000000e+03
1.732000000000000000e+03
1.468000000000000000e+03
9.720000000000000000e+02
6.130000000000000000e+02
1.896000000000000000e+03
1.575000000000000000e+03
3.030000000000000000e+02
3.700000000000000000e+01
7.300000000000000000e+01
1.692000000000000000e+03
7.710000000000000000e+02
9.450000000000000000e+02
9.160000000000000000e+02
6.540000000000000000e+02
1.229000000000000000e+03
6.840000000000000000e+02
1.620000000000000000e+03
1.308000000000000000e+03
2.800000000000000000e+01
1.673000000000000000e+03
7.930000000000000000e+02
1.084000000000000000e+03
9.400000000000000000e+01
9.250000000000000000e+02
4.050000000000000000e+02
1.098000000000000000e+03
1.737000000000000000e+03
