1.731000000000000000e+03
1.319000000000000000e+03
7.380000000000000000e+02
8.750000000000000000e+02
9.910000000000000000e+02
1.850000000000000000e+02
1.270000000000000000e+03
6.300000000000000000e+02
1.652000000000000000e+03
5.720000000000000000e+02
1.372000000000000000e+03
1.059000000000000000e+03
5.580000000000000000e+02
1.350000000000000000e+02
9.020000000000000000e+02
4.070000000000000000e+02
7.870000000000000000e+02
2.720000000000000000e+02
1.608000000000000000e+03
1.873000000000000000e+03
1.447000000000000000e+03
4.900000000000000000e+01
1.340000000000000000e+03
1.396000000000000000e+03
6.100000000000000000e+01
1.491000000000000000e+03
2.980000000000000000e+02
1.317000000000000000e+03
1.015000000000000000e+03
1.430000000000000000e+02
1.006000000000000000e+03
1.800000000000000000e+01
7.240000000000000000e+02
6.000000000000000000e+01
1.733000000000000000e+03
9.350000000000000000e+02
1.360000000000000000e+03
3.740000000000000000e+02
1.207000000000000000e+03
1.811000000000000000e+03
2.090000000000000000e+02
6.100000000000000000e+02
1.800000000000000000e+02
7.280000000000000000e+02
1.885000000000000000e+03
4.030000000000000000e+02
1.318000000000000000e+03
9.810000000000000000e+02
1.137000000000000000e+03
6.410000000000000000e+02
5.370000000000000000e+02
1.218000000000000000e+03
3.680000000000000000e+02
1.064000000000000000e+03
2.270000000000000000e+02
8.300000000000000000e+01
8.090000000000000000e+02
2.390000000000000000e+02
1.337000000000000000e+03
1.762000000000000000e+03
1.739000000000000000e+03
1.520000000000000000e+02
5.430000000000000000e+02
6.350000000000000000e+02
7.820000000000000000e+02
1.019000000000000000e+03
1.824000000000000000e+03
2.160000000000000000e+02
1.629000000000000000e+03
2.040000000000000000e+02
1.463000000000000000e+03
1.266000000000000000e+03
4.720000000000000000e+02
1.415000000000000000e+03
1.528000000000000000e+03
1.664000000000000000e+03
1.500000000000000000e+02
6.020000000000000000e+02
4.870000000000000000e+02
7.100000000000000000e+01
1.356000000000000000e+03
3.570000000000000000e+02
8.660000000000000000e+02
1.140000000000000000e+02
1.483000000000000000e+03
1.427000000000000000e+03
1.323000000000000000e+03
1.834000000000000000e+03
7.600000000000000000e+01
9.800000000000000000e+02
5.640000000000000000e+02
1.140000000000000000e+02
1.874000000000000000e+03
7.200000000000000000e+01
4.980000000000000000e+02
1.060000000000000000e+02
6.260000000000000000e+02
1.886000000000000000e+03
1.110000000000000000e+02
9.230000000000000000e+02
7.210000000000000000e+02
1.296000000000000000e+03
1.732000000000000000e+03
6.800000000000000000e+02
8.350000000000000000e+02
9.900000000000000000e+02
1.384000000000000000e+03
8.650000000000000000e+02
9.660000000000000000e+02
1.250000000000000000e+03
1.774000000000000000e+03
8.590000000000000000e+02
5.600000000000000000e+01
1.104000000000000000e+03
1.103000000000000000e+03
9.980000000000000000e+02
3.000000000000000000e+01
1.313000000000000000e+03
1.094000000000000000e+03
1.641000000000000000e+03
5.780000000000000000e+02
2.800000000000000000e+02
9.200000000000000000e+01
1.308000000000000000e+03
1.370000000000000000e+02
1.879000000000000000e+03
1.900000000000000000e+01
1.837000000000000000e+03
1.070000000000000000e+02
1.828000000000000000e+03
2.700000000000000000e+02
3.140000000000000000e+02
1.454000000000000000e+03
1.410000000000000000e+03
6.040000000000000000e+02
7.870000000000000000e+02
1.080000000000000000e+02
1.683000000000000000e+03
7.700000000000000000e+01
1.837000000000000000e+03
