7.240000000000000000e+02 0.000000000000000000e+00
1.046000000000000000e+03 0.000000000000000000e+00
1.150000000000000000e+03 0.000000000000000000e+00
1.430000000000000000e+02 0.000000000000000000e+00
1.419000000000000000e+03 0.000000000000000000e+00
1.470000000000000000e+03 0.000000000000000000e+00
1.026000000000000000e+03 0.000000000000000000e+00
1.369000000000000000e+03 0.000000000000000000e+00
1.199000000000000000e+03 0.000000000000000000e+00
2.640000000000000000e+02 0.000000000000000000e+00
7.540000000000000000e+02 0.000000000000000000e+00
1.214000000000000000e+03 0.000000000000000000e+00
1.475000000000000000e+03 0.000000000000000000e+00
1.320000000000000000e+02 0.000000000000000000e+00
6.100000000000000000e+01 0.000000000000000000e+00
1.864000000000000000e+03 0.000000000000000000e+00
1.070000000000000000e+02 0.000000000000000000e+00
1.156000000000000000e+03 0.000000000000000000e+00
9.200000000000000000e+01 0.000000000000000000e+00
1.825000000000000000e+03 0.000000000000000000e+00
1.713000000000000000e+03 0.000000000000000000e+00
4.360000000000000000e+02 0.000000000000000000e+00
1.516000000000000000e+03 0.000000000000000000e+00
4.090000000000000000e+02 0.000000000000000000e+00
1.101000000000000000e+03 0.000000000000000000e+00
3.830000000000000000e+02 0.000000000000000000e+00
1.900000000000000000e+03 0.000000000000000000e+00
1.811000000000000000e+03 0.000000000000000000e+00
7.690000000000000000e+02 0.000000000000000000e+00
5.800000000000000000e+02 0.000000000000000000e+00
9.000000000000000000e+01 0.000000000000000000e+00
2.110000000000000000e+02 0.000000000000000000e+00
8.700000000000000000e+01 0.000000000000000000e+00
2.470000000000000000e+02 0.000000000000000000e+00
1.910000000000000000e+02 0.000000000000000000e+00
1.210000000000000000e+03 0.000000000000000000e+00
1.202000000000000000e+03 0.000000000000000000e+00
1.537000000000000000e+03 0.000000000000000000e+00
1.620000000000000000e+02 0.000000000000000000e+00
1.816000000000000000e+03 0.000000000000000000e+00
1.420000000000000000e+02 0.000000000000000000e+00
7.750000000000000000e+02 0.000000000000000000e+00
9.020000000000000000e+02 0.000000000000000000e+00
1.449000000000000000e+03 0.000000000000000000e+00
1.838000000000000000e+03 0.000000000000000000e+00
1.423000000000000000e+03 0.000000000000000000e+00
3.340000000000000000e+02 0.000000000000000000e+00
4.900000000000000000e+01 0.000000000000000000e+00
1.113000000000000000e+03 0.000000000000000000e+00
1.511000000000000000e+03 0.000000000000000000e+00
6.760000000000000000e+02 0.000000000000000000e+00
1.102000000000000000e+03 0.000000000000000000e+00
8.060000000000000000e+02 0.000000000000000000e+00
1.298000000000000000e+03 0.000000000000000000e+00
4.480000000000000000e+02 0.000000000000000000e+00
6.970000000000000000e+02 0.000000000000000000e+00
1.209000000000000000e+03 0.000000000000000000e+00
1.304000000000000000e+03 0.000000000000000000e+00
7.340000000000000000e+02 0.000000000000000000e+00
5.110000000000000000e+02 0.000000000000000000e+00
1.471000000000000000e+03 0.000000000000000000e+00
2.190000000000000000e+02 0.000000000000000000e+00
5.620000000000000000e+02 0.000000000000000000e+00
2.380000000000000000e+02 0.000000000000000000e+00
6.720000000000000000e+02 0.000000000000000000e+00
5.480000000000000000e+02 0.000000000000000000e+00
7.670000000000000000e+02 0.000000000000000000e+00
1.630000000000000000e+02 0.000000000000000000e+00
1.111000000000000000e+03 0.000000000000000000e+00
6.150000000000000000e+02 0.000000000000000000e+00
8.600000000000000000e+02 0.000000000000000000e+00
8.200000000000000000e+02 0.000000000000000000e+00
1.060000000000000000e+03 0.000000000000000000e+00
1.680000000000000000e+02 0.000000000000000000e+00
1.685000000000000000e+03 0.000000000000000000e+00
1.084000000000000000e+03 0.000000000000000000e+00
5.900000000000000000e+01 0.000000000000000000e+00
5.380000000000000000e+02 0.000000000000000000e+00
1.550000000000000000e+02 0.000000000000000000e+00
5.320000000000000000e+02 0.000000000000000000e+00
1.430000000000000000e+02 0.000000000000000000e+00
1.339000000000000000e+03 0.000000000000000000e+00
1.495000000000000000e+03 0.000000000000000000e+00
2.080000000000000000e+02 0.000000000000000000e+00
1.185000000000000000e+03 0.000000000000000000e+00
9.390000000000000000e+02 0.000000000000000000e+00
1.230000000000000000e+02 0.000000000000000000e+00
1.071000000000000000e+03 0.000000000000000000e+00
1.582000000000000000e+03 0.000000000000000000e+00
1.836000000000000000e+03 0.000000000000000000e+00
5.380000000000000000e+02 0.000000000000000000e+00
9.310000000000000000e+02 0.000000000000000000e+00
7.510000000000000000e+02 0.000000000000000000e+00
1.389000000000000000e+03 0.000000000000000000e+00
4.070000000000000000e+02 0.000000000000000000e+00
1.200000000000000000e+02 0.000000000000000000e+00
7.800000000000000000e+02 0.000000000000000000e+00
7.620000000000000000e+02 0.000000000000000000e+00
4.760000000000000000e+02 0.000000000000000000e+00
3.860000000000000000e+02 5.000000000000000000e+00
