2.760000000000000000e+02 0.000000000000000000e+00
1.603000000000000000e+03 0.000000000000000000e+00
9.260000000000000000e+02 0.000000000000000000e+00
1.828000000000000000e+03 0.000000000000000000e+00
1.228000000000000000e+03 0.000000000000000000e+00
1.620000000000000000e+02 0.000000000000000000e+00
1.369000000000000000e+03 0.000000000000000000e+00
2.700000000000000000e+01 0.000000000000000000e+00
1.772000000000000000e+03 0.000000000000000000e+00
1.327000000000000000e+03 0.000000000000000000e+00
1.457000000000000000e+03 0.000000000000000000e+00
9.080000000000000000e+02 0.000000000000000000e+00
1.576000000000000000e+03 0.000000000000000000e+00
1.103000000000000000e+03 0.000000000000000000e+00
2.300000000000000000e+01 0.000000000000000000e+00
1.596000000000000000e+03 0.000000000000000000e+00
1.532000000000000000e+03 0.000000000000000000e+00
2.800000000000000000e+02 0.000000000000000000e+00
1.504000000000000000e+03 0.000000000000000000e+00
1.725000000000000000e+03 0.000000000000000000e+00
4.220000000000000000e+02 0.000000000000000000e+00
5.400000000000000000e+01 0.000000000000000000e+00
7.580000000000000000e+02 0.000000000000000000e+00
1.402000000000000000e+03 0.000000000000000000e+00
6.800000000000000000e+01 0.000000000000000000e+00
9.010000000000000000e+02 0.000000000000000000e+00
5.110000000000000000e+02 0.000000000000000000e+00
1.512000000000000000e+03 0.000000000000000000e+00
1.250000000000000000e+02 0.000000000000000000e+00
1.630000000000000000e+03 0.000000000000000000e+00
7.450000000000000000e+02 0.000000000000000000e+00
1.777000000000000000e+03 0.000000000000000000e+00
1.577000000000000000e+03 0.000000000000000000e+00
3.690000000000000000e+02 0.000000000000000000e+00
4.530000000000000000e+02 0.000000000000000000e+00
1.293000000000000000e+03 0.000000000000000000e+00
8.740000000000000000e+02 0.000000000000000000e+00
1.699000000000000000e+03 0.000000000000000000e+00
4.200000000000000000e+01 0.000000000000000000e+00
2.670000000000000000e+02 0.000000000000000000e+00
1.960000000000000000e+02 0.000000000000000000e+00
3.570000000000000000e+02 0.000000000000000000e+00
2.710000000000000000e+02 0.000000000000000000e+00
2.500000000000000000e+01 0.000000000000000000e+00
1.004000000000000000e+03 0.000000000000000000e+00
9.080000000000000000e+02 0.000000000000000000e+00
7.710000000000000000e+02 0.000000000000000000e+00
1.669000000000000000e+03 0.000000000000000000e+00
8.800000000000000000e+02 0.000000000000000000e+00
2.930000000000000000e+02 0.000000000000000000e+00
1.256000000000000000e+03 0.000000000000000000e+00
6.900000000000000000e+01 0.000000000000000000e+00
1.623000000000000000e+03 0.000000000000000000e+00
1.724000000000000000e+03 0.000000000000000000e+00
1.429000000000000000e+03 0.000000000000000000e+00
1.014000000000000000e+03 0.000000000000000000e+00
7.700000000000000000e+02 0.000000000000000000e+00
1.734000000000000000e+03 0.000000000000000000e+00
4.800000000000000000e+01 0.000000000000000000e+00
8.820000000000000000e+02 0.000000000000000000e+00
1.560000000000000000e+02 0.000000000000000000e+00
4.970000000000000000e+02 0.000000000000000000e+00
1.532000000000000000e+03 0.000000000000000000e+00
2.430000000000000000e+02 0.000000000000000000e+00
1.715000000000000000e+03 0.000000000000000000e+00
6.860000000000000000e+02 0.000000000000000000e+00
4.370000000000000000e+02 0.000000000000000000e+00
7.660000000000000000e+02 0.000000000000000000e+00
5.290000000000000000e+02 0.000000000000000000e+00
8.520000000000000000e+02 0.000000000000000000e+00
1.802000000000000000e+03 0.000000000000000000e+00
1.397000000000000000e+03 0.000000000000000000e+00
4.980000000000000000e+02 0.000000000000000000e+00
1.069000000000000000e+03 0.000000000000000000e+00
1.730000000000000000e+02 0.000000000000000000e+00
3.190000000000000000e+02 0.000000000000000000e+00
1.070000000000000000e+03 0.000000000000000000e+00
2.260000000000000000e+02 0.000000000000000000e+00
1.600000000000000000e+01 0.000000000000000000e+00
7.790000000000000000e+02 0.000000000000000000e+00
1.211000000000000000e+03 0.000000000000000000e+00
1.730000000000000000e+02 0.000000000000000000e+00
1.719000000000000000e+03 0.000000000000000000e+00
1.140000000000000000e+02 0.000000000000000000e+00
1.679000000000000000e+03 0.000000000000000000e+00
1.397000000000000000e+03 0.000000000000000000e+00
7.800000000000000000e+01 0.000000000000000000e+00
2.610000000000000000e+02 0.000000000000000000e+00
8.200000000000000000e+01 0.000000000000000000e+00
8.690000000000000000e+02 5.000000000000000000e+00
