1.366000000000000000e+03 0.000000000000000000e+00
2.250000000000000000e+02 0.000000000000000000e+00
3.490000000000000000e+02 0.000000000000000000e+00
1.877000000000000000e+03 0.000000000000000000e+00
5.200000000000000000e+01 0.000000000000000000e+00
9.780000000000000000e+02 0.000000000000000000e+00
3.970000000000000000e+02 0.000000000000000000e+00
9.000000000000000000e+02 0.000000000000000000e+00
6.030000000000000000e+02 0.000000000000000000e+00
9.500000000000000000e+02 0.000000000000000000e+00
8.000000000000000000e+01 0.000000000000000000e+00
8.870000000000000000e+02 0.000000000000000000e+00
1.660000000000000000e+02 0.000000000000000000e+00
1.569000000000000000e+03 0.000000000000000000e+00
1.950000000000000000e+02 0.000000000000000000e+00
7.050000000000000000e+02 0.000000000000000000e+00
4.620000000000000000e+02 0.000000000000000000e+00
5.470000000000000000e+02 0.000000000000000000e+00
1.813000000000000000e+03 0.000000000000000000e+00
2.370000000000000000e+02 0.000000000000000000e+00
1.447000000000000000e+03 0.000000000000000000e+00
1.017000000000000000e+03 0.000000000000000000e+00
1.612000000000000000e+03 0.000000000000000000e+00
7.670000000000000000e+02 0.000000000000000000e+00
1.890000000000000000e+02 0.000000000000000000e+00
1.032000000000000000e+03 0.000000000000000000e+00
3.000000000000000000e+01 0.000000000000000000e+00
1.832000000000000000e+03 0.000000000000000000e+00
6.980000000000000000e+02 0.000000000000000000e+00
6.570000000000000000e+02 0.000000000000000000e+00
3.200000000000000000e+01 0.000000000000000000e+00
4.900000000000000000e+01 0.000000000000000000e+00
7.300000000000000000e+02 0.000000000000000000e+00
1.072000000000000000e+03 0.000000000000000000e+00
6.750000000000000000e+02 0.000000000000000000e+00
4.520000000000000000e+02 0.000000000000000000e+00
5.900000000000000000e+01 0.000000000000000000e+00
2.820000000000000000e+02 0.000000000000000000e+00
1.314000000000000000e+03 0.000000000000000000e+00
7.220000000000000000e+02 0.000000000000000000e+00
1.494000000000000000e+03 0.000000000000000000e+00
2.190000000000000000e+02 0.000000000000000000e+00
8.810000000000000000e+02 0.000000000000000000e+00
1.108000000000000000e+03 0.000000000000000000e+00
1.070000000000000000e+03 0.000000000000000000e+00
3.380000000000000000e+02 0.000000000000000000e+00
7.650000000000000000e+02 0.000000000000000000e+00
5.900000000000000000e+01 0.000000000000000000e+00
6.610000000000000000e+02 0.000000000000000000e+00
7.900000000000000000e+01 0.000000000000000000e+00
1.576000000000000000e+03 0.000000000000000000e+00
4.500000000000000000e+01 0.000000000000000000e+00
7.730000000000000000e+02 0.000000000000000000e+00
7.700000000000000000e+02 0.000000000000000000e+00
7.500000000000000000e+02 0.000000000000000000e+00
8.550000000000000000e+02 0.000000000000000000e+00
1.876000000000000000e+03 0.000000000000000000e+00
1.490000000000000000e+02 0.000000000000000000e+00
4.500000000000000000e+01 0.000000000000000000e+00
1.039000000000000000e+03 0.000000000000000000e+00
6.600000000000000000e+01 0.000000000000000000e+00
4.810000000000000000e+02 0.000000000000000000e+00
1.179000000000000000e+03 0.000000000000000000e+00
1.067000000000000000e+03 0.000000000000000000e+00
1.881000000000000000e+03 0.000000000000000000e+00
1.881000000000000000e+03 0.000000000000000000e+00
1.020000000000000000e+02 0.000000000000000000e+00
2.250000000000000000e+02 0.000000000000000000e+00
1.277000000000000000e+03 0.000000000000000000e+00
1.498000000000000000e+03 0.000000000000000000e+00
1.210000000000000000e+03 0.000000000000000000e+00
1.137000000000000000e+03 0.000000000000000000e+00
8.040000000000000000e+02 0.000000000000000000e+00
8.870000000000000000e+02 0.000000000000000000e+00
5.810000000000000000e+02 0.000000000000000000e+00
1.047000000000000000e+03 0.000000000000000000e+00
8.950000000000000000e+02 0.000000000000000000e+00
2.930000000000000000e+02 0.000000000000000000e+00
1.010000000000000000e+03 0.000000000000000000e+00
1.122000000000000000e+03 0.000000000000000000e+00
7.040000000000000000e+02 0.000000000000000000e+00
8.370000000000000000e+02 0.000000000000000000e+00
9.500000000000000000e+02 0.000000000000000000e+00
1.017000000000000000e+03 0.000000000000000000e+00
6.090000000000000000e+02 0.000000000000000000e+00
1.089000000000000000e+03 0.000000000000000000e+00
1.188000000000000000e+03 0.000000000000000000e+00
9.010000000000000000e+02 0.000000000000000000e+00
1.340000000000000000e+02 0.000000000000000000e+00
3.590000000000000000e+02 0.000000000000000000e+00
3.090000000000000000e+02 0.000000000000000000e+00
3.300000000000000000e+01 0.000000000000000000e+00
1.430000000000000000e+03 0.000000000000000000e+00
7.430000000000000000e+02 0.000000000000000000e+00
3.940000000000000000e+02 0.000000000000000000e+00
5.870000000000000000e+02 0.000000000000000000e+00
9.870000000000000000e+02 0.000000000000000000e+00
5.100000000000000000e+01 0.000000000000000000e+00
1.755000000000000000e+03 0.000000000000000000e+00
5.310000000000000000e+02 0.000000000000000000e+00
2.520000000000000000e+02 0.000000000000000000e+00
1.718000000000000000e+03 0.000000000000000000e+00
1.599000000000000000e+03 0.000000000000000000e+00
2.850000000000000000e+02 0.000000000000000000e+00
1.848000000000000000e+03 0.000000000000000000e+00
1.010000000000000000e+02 0.000000000000000000e+00
1.121000000000000000e+03 0.000000000000000000e+00
1.661000000000000000e+03 0.000000000000000000e+00
2.000000000000000000e+02 0.000000000000000000e+00
1.312000000000000000e+03 0.000000000000000000e+00
9.430000000000000000e+02 0.000000000000000000e+00
2.000000000000000000e+01 0.000000000000000000e+00
1.471000000000000000e+03 0.000000000000000000e+00
1.641000000000000000e+03 0.000000000000000000e+00
1.835000000000000000e+03 0.000000000000000000e+00
1.327000000000000000e+03 0.000000000000000000e+00
6.110000000000000000e+02 0.000000000000000000e+00
1.576000000000000000e+03 0.000000000000000000e+00
8.380000000000000000e+02 0.000000000000000000e+00
1.291000000000000000e+03 0.000000000000000000e+00
1.212000000000000000e+03 0.000000000000000000e+00
6.670000000000000000e+02 0.000000000000000000e+00
1.670000000000000000e+02 0.000000000000000000e+00
7.190000000000000000e+02 0.000000000000000000e+00
1.854000000000000000e+03 0.000000000000000000e+00
6.710000000000000000e+02 0.000000000000000000e+00
6.010000000000000000e+02 0.000000000000000000e+00
9.660000000000000000e+02 0.000000000000000000e+00
2.350000000000000000e+02 0.000000000000000000e+00
1.089000000000000000e+03 5.000000000000000000e+00
