6.330000000000000000e+02 0.000000000000000000e+00
1.381000000000000000e+03 0.000000000000000000e+00
9.580000000000000000e+02 0.000000000000000000e+00
8.370000000000000000e+02 0.000000000000000000e+00
9.320000000000000000e+02 0.000000000000000000e+00
4.700000000000000000e+01 0.000000000000000000e+00
1.531000000000000000e+03 0.000000000000000000e+00
8.340000000000000000e+02 0.000000000000000000e+00
9.370000000000000000e+02 0.000000000000000000e+00
1.650000000000000000e+02 0.000000000000000000e+00
1.877000000000000000e+03 0.000000000000000000e+00
2.620000000000000000e+02 0.000000000000000000e+00
1.359000000000000000e+03 0.000000000000000000e+00
1.880000000000000000e+02 0.000000000000000000e+00
5.650000000000000000e+02 0.000000000000000000e+00
9.960000000000000000e+02 0.000000000000000000e+00
3.390000000000000000e+02 0.000000000000000000e+00
7.300000000000000000e+01 0.000000000000000000e+00
1.696000000000000000e+03 0.000000000000000000e+00
2.340000000000000000e+02 0.000000000000000000e+00
6.430000000000000000e+02 0.000000000000000000e+00
1.112000000000000000e+03 0.000000000000000000e+00
2.600000000000000000e+01 0.000000000000000000e+00
1.980000000000000000e+02 0.000000000000000000e+00
4.520000000000000000e+02 0.000000000000000000e+00
1.276000000000000000e+03 0.000000000000000000e+00
6.510000000000000000e+02 0.000000000000000000e+00
8.600000000000000000e+02 0.000000000000000000e+00
1.851000000000000000e+03 0.000000000000000000e+00
6.310000000000000000e+02 0.000000000000000000e+00
1.418000000000000000e+03 0.000000000000000000e+00
9.170000000000000000e+02 0.000000000000000000e+00
4.430000000000000000e+02 0.000000000000000000e+00
4.000000000000000000e+01 0.000000000000000000e+00
2.830000000000000000e+02 0.000000000000000000e+00
9.800000000000000000e+01 0.000000000000000000e+00
1.563000000000000000e+03 0.000000000000000000e+00
1.517000000000000000e+03 0.000000000000000000e+00
1.628000000000000000e+03 0.000000000000000000e+00
1.019000000000000000e+03 0.000000000000000000e+00
1.191000000000000000e+03 0.000000000000000000e+00
1.093000000000000000e+03 0.000000000000000000e+00
2.130000000000000000e+02 0.000000000000000000e+00
3.500000000000000000e+01 0.000000000000000000e+00
1.462000000000000000e+03 0.000000000000000000e+00
1.374000000000000000e+03 0.000000000000000000e+00
1.170000000000000000e+03 0.000000000000000000e+00
1.347000000000000000e+03 0.000000000000000000e+00
1.104000000000000000e+03 0.000000000000000000e+00
3.890000000000000000e+02 0.000000000000000000e+00
1.300000000000000000e+01 0.000000000000000000e+00
1.693000000000000000e+03 0.000000000000000000e+00
1.366000000000000000e+03 0.000000000000000000e+00
1.800000000000000000e+02 0.000000000000000000e+00
9.350000000000000000e+02 0.000000000000000000e+00
1.527000000000000000e+03 0.000000000000000000e+00
2.140000000000000000e+02 0.000000000000000000e+00
8.800000000000000000e+01 0.000000000000000000e+00
1.312000000000000000e+03 0.000000000000000000e+00
4.410000000000000000e+02 0.000000000000000000e+00
1.092000000000000000e+03 0.000000000000000000e+00
9.780000000000000000e+02 0.000000000000000000e+00
3.980000000000000000e+02 0.000000000000000000e+00
1.270000000000000000e+03 0.000000000000000000e+00
8.580000000000000000e+02 0.000000000000000000e+00
1.468000000000000000e+03 0.000000000000000000e+00
7.490000000000000000e+02 0.000000000000000000e+00
6.880000000000000000e+02 0.000000000000000000e+00
7.800000000000000000e+01 0.000000000000000000e+00
3.280000000000000000e+02 0.000000000000000000e+00
4.660000000000000000e+02 0.000000000000000000e+00
7.310000000000000000e+02 0.000000000000000000e+00
1.110000000000000000e+02 0.000000000000000000e+00
1.234000000000000000e+03 0.000000000000000000e+00
1.920000000000000000e+02 0.000000000000000000e+00
1.573000000000000000e+03 0.000000000000000000e+00
2.120000000000000000e+02 0.000000000000000000e+00
1.705000000000000000e+03 0.000000000000000000e+00
2.030000000000000000e+02 0.000000000000000000e+00
1.896000000000000000e+03 0.000000000000000000e+00
8.900000000000000000e+02 0.000000000000000000e+00
4.000000000000000000e+02 0.000000000000000000e+00
1.782000000000000000e+03 0.000000000000000000e+00
1.732000000000000000e+03 0.000000000000000000e+00
1.468000000000000000e+03 0.000000000000000000e+00
9.720000000000000000e+02 0.000000000000000000e+00
6.130000000000000000e+02 0.000000000000000000e+00
1.896000000000000000e+03 0.000000000000000000e+00
1.575000000000000000e+03 0.000000000000000000e+00
3.030000000000000000e+02 0.000000000000000000e+00
3.700000000000000000e+01 0.000000000000000000e+00
7.300000000000000000e+01 0.000000000000000000e+00
1.692000000000000000e+03 0.000000000000000000e+00
7.710000000000000000e+02 0.000000000000000000e+00
9.450000000000000000e+02 0.000000000000000000e+00
9.160000000000000000e+02 0.000000000000000000e+00
6.540000000000000000e+02 0.000000000000000000e+00
1.229000000000000000e+03 0.000000000000000000e+00
6.840000000000000000e+02 0.000000000000000000e+00
1.620000000000000000e+03 0.000000000000000000e+00
1.308000000000000000e+03 0.000000000000000000e+00
2.800000000000000000e+01 0.000000000000000000e+00
1.673000000000000000e+03 0.000000000000000000e+00
7.930000000000000000e+02 0.000000000000000000e+00
1.084000000000000000e+03 0.000000000000000000e+00
9.400000000000000000e+01 0.000000000000000000e+00
9.250000000000000000e+02 0.000000000000000000e+00
4.050000000000000000e+02 0.000000000000000000e+00
1.098000000000000000e+03 0.000000000000000000e+00
1.737000000000000000e+03 5.000000000000000000e+00
