1.664000000000000000e+03 0.000000000000000000e+00
1.478000000000000000e+03 0.000000000000000000e+00
2.090000000000000000e+02 0.000000000000000000e+00
6.480000000000000000e+02 0.000000000000000000e+00
1.116000000000000000e+03 0.000000000000000000e+00
5.080000000000000000e+02 0.000000000000000000e+00
1.397000000000000000e+03 0.000000000000000000e+00
2.210000000000000000e+02 0.000000000000000000e+00
5.870000000000000000e+02 0.000000000000000000e+00
1.110000000000000000e+03 0.000000000000000000e+00
4.290000000000000000e+02 0.000000000000000000e+00
1.491000000000000000e+03 0.000000000000000000e+00
6.010000000000000000e+02 0.000000000000000000e+00
1.470000000000000000e+02 0.000000000000000000e+00
1.250000000000000000e+03 0.000000000000000000e+00
1.869000000000000000e+03 0.000000000000000000e+00
9.980000000000000000e+02 0.000000000000000000e+00
4.600000000000000000e+01 0.000000000000000000e+00
2.080000000000000000e+02 0.000000000000000000e+00
1.145000000000000000e+03 0.000000000000000000e+00
2.000000000000000000e+01 0.000000000000000000e+00
7.500000000000000000e+01 0.000000000000000000e+00
9.620000000000000000e+02 0.000000000000000000e+00
1.151000000000000000e+03 0.000000000000000000e+00
1.672000000000000000e+03 0.000000000000000000e+00
1.508000000000000000e+03 0.000000000000000000e+00
1.085000000000000000e+03 0.000000000000000000e+00
1.556000000000000000e+03 0.000000000000000000e+00
1.462000000000000000e+03 0.000000000000000000e+00
1.396000000000000000e+03 0.000000000000000000e+00
7.650000000000000000e+02 0.000000000000000000e+00
1.583000000000000000e+03 0.000000000000000000e+00
4.870000000000000000e+02 0.000000000000000000e+00
1.500000000000000000e+03 0.000000000000000000e+00
8.030000000000000000e+02 0.000000000000000000e+00
1.869000000000000000e+03 0.000000000000000000e+00
9.860000000000000000e+02 0.000000000000000000e+00
2.250000000000000000e+02 0.000000000000000000e+00
1.316000000000000000e+03 0.000000000000000000e+00
1.658000000000000000e+03 0.000000000000000000e+00
3.080000000000000000e+02 0.000000000000000000e+00
1.704000000000000000e+03 0.000000000000000000e+00
1.990000000000000000e+02 0.000000000000000000e+00
1.150000000000000000e+02 0.000000000000000000e+00
4.280000000000000000e+02 0.000000000000000000e+00
1.012000000000000000e+03 0.000000000000000000e+00
1.266000000000000000e+03 0.000000000000000000e+00
9.000000000000000000e+01 0.000000000000000000e+00
1.212000000000000000e+03 0.000000000000000000e+00
1.763000000000000000e+03 0.000000000000000000e+00
1.314000000000000000e+03 0.000000000000000000e+00
1.785000000000000000e+03 0.000000000000000000e+00
7.120000000000000000e+02 0.000000000000000000e+00
1.653000000000000000e+03 0.000000000000000000e+00
1.275000000000000000e+03 0.000000000000000000e+00
1.798000000000000000e+03 0.000000000000000000e+00
7.900000000000000000e+01 0.000000000000000000e+00
1.510000000000000000e+02 0.000000000000000000e+00
1.400000000000000000e+03 0.000000000000000000e+00
1.447000000000000000e+03 0.000000000000000000e+00
1.880000000000000000e+02 0.000000000000000000e+00
1.075000000000000000e+03 0.000000000000000000e+00
1.872000000000000000e+03 0.000000000000000000e+00
1.844000000000000000e+03 0.000000000000000000e+00
1.243000000000000000e+03 0.000000000000000000e+00
1.367000000000000000e+03 0.000000000000000000e+00
2.210000000000000000e+02 0.000000000000000000e+00
9.400000000000000000e+01 0.000000000000000000e+00
2.300000000000000000e+01 0.000000000000000000e+00
1.345000000000000000e+03 0.000000000000000000e+00
2.230000000000000000e+02 0.000000000000000000e+00
7.810000000000000000e+02 0.000000000000000000e+00
1.706000000000000000e+03 0.000000000000000000e+00
1.302000000000000000e+03 0.000000000000000000e+00
8.260000000000000000e+02 0.000000000000000000e+00
9.510000000000000000e+02 0.000000000000000000e+00
6.490000000000000000e+02 0.000000000000000000e+00
1.429000000000000000e+03 0.000000000000000000e+00
7.930000000000000000e+02 0.000000000000000000e+00
1.889000000000000000e+03 0.000000000000000000e+00
1.067000000000000000e+03 0.000000000000000000e+00
1.765000000000000000e+03 0.000000000000000000e+00
6.260000000000000000e+02 0.000000000000000000e+00
3.670000000000000000e+02 0.000000000000000000e+00
2.890000000000000000e+02 0.000000000000000000e+00
1.530000000000000000e+03 0.000000000000000000e+00
1.580000000000000000e+02 0.000000000000000000e+00
1.270000000000000000e+02 0.000000000000000000e+00
1.420000000000000000e+02 0.000000000000000000e+00
1.409000000000000000e+03 0.000000000000000000e+00
1.216000000000000000e+03 0.000000000000000000e+00
1.094000000000000000e+03 0.000000000000000000e+00
8.760000000000000000e+02 0.000000000000000000e+00
1.420000000000000000e+02 0.000000000000000000e+00
4.010000000000000000e+02 0.000000000000000000e+00
3.520000000000000000e+02 0.000000000000000000e+00
6.170000000000000000e+02 0.000000000000000000e+00
1.116000000000000000e+03 0.000000000000000000e+00
3.200000000000000000e+02 0.000000000000000000e+00
2.140000000000000000e+02 0.000000000000000000e+00
7.000000000000000000e+01 0.000000000000000000e+00
3.830000000000000000e+02 0.000000000000000000e+00
1.613000000000000000e+03 0.000000000000000000e+00
1.066000000000000000e+03 0.000000000000000000e+00
1.161000000000000000e+03 0.000000000000000000e+00
1.438000000000000000e+03 0.000000000000000000e+00
6.300000000000000000e+02 0.000000000000000000e+00
8.930000000000000000e+02 0.000000000000000000e+00
1.400000000000000000e+03 0.000000000000000000e+00
5.910000000000000000e+02 0.000000000000000000e+00
5.690000000000000000e+02 0.000000000000000000e+00
5.800000000000000000e+02 0.000000000000000000e+00
7.520000000000000000e+02 0.000000000000000000e+00
1.876000000000000000e+03 0.000000000000000000e+00
2.800000000000000000e+01 0.000000000000000000e+00
6.170000000000000000e+02 0.000000000000000000e+00
6.190000000000000000e+02 0.000000000000000000e+00
1.188000000000000000e+03 0.000000000000000000e+00
1.200000000000000000e+01 0.000000000000000000e+00
6.570000000000000000e+02 5.000000000000000000e+00
